  0.00398
  0.02388
  0.04378
  0.06368
  0.08358
  0.10348
  0.12338
  0.14328
  0.16318
  0.18308
  0.20298
  0.22288
  0.24278
  0.26268
  0.28258
  0.30248
  0.32238
  0.34228
  0.36218
  0.38208
  0.40197
  0.42187
  0.44177
  0.46167
  0.48157
  0.50147
  0.52137
  0.54127
  0.56117
  0.58107
  0.60097
  0.62087
  0.64077
  0.66067
  0.68057
  0.70047
  0.72037
  0.74027
  0.76017
  0.78007
  0.79997
  0.81987
  0.83977
  0.85967
  0.87957
  0.89947
  0.91937
  0.93927
  0.95917
  0.97907
  0.99897
  1.01887
  1.03877
  1.05867
  1.07857
  1.09847
  1.11837
  1.13827
  1.15817
  1.17807
  1.19796
  1.21786
  1.23776
  1.25766
  1.27756
  1.29746
  1.31736
  1.33726
  1.35716
  1.37706
  1.39696
  1.41686
  1.43676
  1.45666
  1.47656
  1.49646
  1.51636
  1.53626
  1.55616
  1.57606
  1.59596
  1.61586
  1.63576
  1.65566
  1.67556
  1.69546
  1.71536
  1.73526
  1.75516
  1.77506
  1.79496
  1.81486
  1.83476
  1.85466
  1.87456
  1.89446
  1.91436
  1.93426
  1.95416
  1.97406
  1.99395
  2.01385
  2.03375
  2.05365
  2.07355
  2.09345
  2.11335
  2.13325
  2.15315
  2.17305
  2.19295
  2.21285
  2.23275
  2.25265
  2.27255
  2.29245
  2.31235
  2.33225
  2.35215
  2.37205
  2.39195
  2.41185
  2.43175
  2.45165
  2.47155
  2.49145
  2.51135
  2.53125
  2.55115
  2.57105
  2.59095
  2.61085
  2.63075
  2.65065
  2.67055
  2.69045
  2.71035
  2.73025
  2.75015
  2.77005
  2.78994
  2.80984
  2.82974
  2.84964
  2.86954
  2.88944
  2.90934
  2.92924
  2.94914
  2.96904
  2.98894
  3.00884
  3.02874
  3.04864
  3.06854
  3.08844
  3.10834
  3.12824
  3.14814
  3.16804
  3.18794
  3.20784
  3.22774
  3.24764
  3.26754
  3.28744
  3.30734
  3.32724
  3.34714
  3.36704
  3.38694
  3.40684
  3.42674
  3.44664
  3.46654
  3.48644
  3.50634
  3.52624
  3.54614
  3.56603
  3.58593
  3.60583
  3.62573
  3.64563
  3.66553
  3.68543
  3.70533
  3.72523
  3.74513
  3.76503
  3.78493
  3.80483
  3.82473
  3.84463
  3.86453
  3.88443
  3.90433
  3.92423
  3.94413
  3.96403
  3.98393
  4.00383
  4.02373
  4.04363
  4.06353
  4.08343
  4.10333
  4.12323
  4.14313
  4.16303
  4.18293
  4.20283
  4.22273
  4.24263
  4.26253
  4.28243
  4.30233
  4.32223
  4.34213
  4.36202
  4.38192
  4.40182
  4.42172
  4.44162
  4.46152
  4.48142
  4.50132
  4.52122
  4.54112
  4.56102
  4.58092
  4.60082
  4.62072
  4.64062
  4.66052
  4.68042
  4.70032
  4.72022
  4.74012
  4.76002
  4.77992
  4.79982
  4.81972
  4.83962
  4.85952
  4.87942
  4.89932
  4.91922
  4.93912
  4.95902
  4.97892
  4.99882
  5.01872
  5.03862
  5.05852
  5.07842
  5.09832
  5.11822
  5.13812
  5.15801
  5.17791
  5.19781
  5.21771
  5.23761
  5.25751
  5.27741
  5.29731
  5.31721
  5.33711
  5.35701
  5.37691
  5.39681
  5.41671
  5.43661
  5.45651
  5.47641
  5.49631
  5.51621
  5.53611
  5.55601
  5.57591
  5.59581
  5.61571
  5.63561
  5.65551
  5.67541
  5.69531
  5.71521
  5.73511
  5.75501
  5.77491
  5.79481
  5.81471
  5.83461
  5.85451
  5.87441
  5.89431
  5.91421
  5.93411
  5.95400
  5.97390
  5.99380
  6.01370
  6.03360
  6.05350
  6.07340
  6.09330
  6.11320
  6.13310
  6.15300
  6.17290
  6.19280
  6.21270
  6.23260
  6.25250
  6.27240
  6.29230
  6.31220
  6.33210
  6.35200
  6.37190
  6.39180
  6.41170
  6.43160
  6.45150
  6.47140
  6.49130
  6.51120
  6.53110
  6.55100
  6.57090
  6.59080
  6.61070
  6.63060
  6.65050
  6.67040
  6.69030
  6.71020
  6.73010
  6.74999
  6.76989
  6.78979
  6.80969
  6.82959
  6.84949
  6.86939
  6.88929
  6.90919
  6.92909
  6.94899
  6.96889
  6.98879
  7.00869
  7.02859
  7.04849
  7.06839
  7.08829
  7.10819
  7.12809
  7.14799
  7.16789
  7.18779
  7.20769
  7.22759
  7.24749
  7.26739
  7.28729
  7.30719
  7.32709
  7.34699
  7.36689
  7.38679
  7.40669
  7.42659
  7.44649
  7.46639
  7.48629
  7.50619
  7.52608
  7.54598
  7.56588
  7.58578
  7.60568
  7.62558
  7.64548
  7.66538
  7.68528
  7.70518
  7.72508
  7.74498
  7.76488
  7.78478
  7.80468
  7.82458
  7.84448
  7.86438
  7.88428
  7.90418
  7.92408
  7.94398
  7.96388
  7.98378
  8.00368
  8.02358
  8.04348
  8.06338
  8.08328
  8.10318
  8.12308
  8.14298
  8.16288
  8.18278
  8.20268
  8.22258
  8.24248
  8.26238
  8.28228
  8.30218
  8.32207
  8.34197
  8.36187
  8.38177
  8.40167
  8.42157
  8.44147
  8.46137
  8.48127
  8.50117
  8.52107
  8.54097
  8.56087
  8.58077
  8.60067
  8.62057
  8.64047
  8.66037
  8.68027
  8.70017
  8.72007
  8.73997
  8.75987
  8.77977
  8.79967
  8.81957
  8.83947
  8.85937
  8.87927
  8.89917
  8.91907
  8.93897
  8.95887
  8.97877
  8.99867
  9.01857
  9.03847
  9.05837
  9.07827
  9.09817
  9.11806
  9.13796
  9.15786
  9.17776
  9.19766
  9.21756
  9.23746
  9.25736
  9.27726
  9.29716
  9.31706
  9.33696
  9.35686
  9.37676
  9.39666
  9.41656
  9.43646
  9.45636
  9.47626
  9.49616
  9.51606
  9.53596
  9.55586
  9.57576
  9.59566
  9.61556
  9.63546
  9.65536
  9.67526
  9.69516
  9.71506
  9.73496
  9.75486
  9.77476
  9.79466
  9.81456
  9.83446
  9.85436
  9.87426
  9.89416
  9.91405
  9.93395
  9.95385
  9.97375
  9.99365
 10.01355
 10.03345
 10.05335
 10.07325
 10.09315
 10.11305
 10.13295
 10.15285
 10.17275
 10.19265
 10.21255
 10.23245
 10.25235
 10.27225
 10.29215
 10.31205
 10.33195
 10.35185
 10.37175
 10.39165
 10.41155
 10.43145
 10.45135
 10.47125
 10.49115
 10.51105
 10.53095
 10.55085
 10.57075
 10.59065
 10.61055
 10.63045
 10.65035
 10.67025
 10.69015
 10.71004
 10.72994
 10.74984
 10.76974
 10.78964
 10.80954
 10.82944
 10.84934
 10.86924
 10.88914
 10.90904
 10.92894
 10.94884
 10.96874
 10.98864
 11.00854
 11.02844
 11.04834
 11.06824
 11.08814
 11.10804
 11.12794
 11.14784
 11.16774
 11.18764
 11.20754
 11.22744
 11.24734
 11.26724
 11.28714
 11.30704
 11.32694
 11.34684
 11.36674
 11.38664
 11.40654
 11.42644
 11.44634
 11.46624
 11.48613
 11.50603
 11.52593
 11.54583
 11.56573
 11.58563
 11.60553
 11.62543
 11.64533
 11.66523
 11.68513
 11.70503
 11.72493
 11.74483
 11.76473
 11.78463
 11.80453
 11.82443
 11.84433
 11.86423
 11.88413
 11.90403
 11.92393
