 0.0002
 0.0012
 0.0022
 0.0032
 0.0042
 0.0052
 0.0062
 0.0072
 0.0082
 0.0092
 0.0101
 0.0111
 0.0121
 0.0131
 0.0141
 0.0151
 0.0161
 0.0171
 0.0181
 0.0191
 0.0201
 0.0211
 0.0221
 0.0231
 0.0241
 0.0251
 0.0261
 0.0271
 0.0281
 0.0291
 0.0300
 0.0310
 0.0320
 0.0330
 0.0340
 0.0350
 0.0360
 0.0370
 0.0380
 0.0390
 0.0400
 0.0410
 0.0420
 0.0430
 0.0440
 0.0450
 0.0460
 0.0470
 0.0480
 0.0490
 0.0499
 0.0509
 0.0519
 0.0529
 0.0539
 0.0549
 0.0559
 0.0569
 0.0579
 0.0589
 0.0599
 0.0609
 0.0619
 0.0629
 0.0639
 0.0649
 0.0659
 0.0669
 0.0679
 0.0689
 0.0698
 0.0708
 0.0718
 0.0728
 0.0738
 0.0748
 0.0758
 0.0768
 0.0778
 0.0788
 0.0798
 0.0808
 0.0818
 0.0828
 0.0838
 0.0848
 0.0858
 0.0868
 0.0878
 0.0888
 0.0897
 0.0907
 0.0917
 0.0927
 0.0937
 0.0947
 0.0957
 0.0967
 0.0977
 0.0987
 0.0997
 0.1007
 0.1017
 0.1027
 0.1037
 0.1047
 0.1057
 0.1067
 0.1077
 0.1087
 0.1096
 0.1106
 0.1116
 0.1126
 0.1136
 0.1146
 0.1156
 0.1166
 0.1176
 0.1186
 0.1196
 0.1206
 0.1216
 0.1226
 0.1236
 0.1246
 0.1256
 0.1266
 0.1276
 0.1286
 0.1295
 0.1305
 0.1315
 0.1325
 0.1335
 0.1345
 0.1355
 0.1365
 0.1375
 0.1385
 0.1395
 0.1405
 0.1415
 0.1425
 0.1435
 0.1445
 0.1455
 0.1465
 0.1475
 0.1485
 0.1494
 0.1504
 0.1514
 0.1524
 0.1534
 0.1544
 0.1554
 0.1564
 0.1574
 0.1584
 0.1594
 0.1604
 0.1614
 0.1624
 0.1634
 0.1644
 0.1654
 0.1664
 0.1674
 0.1684
 0.1693
 0.1703
 0.1713
 0.1723
 0.1733
 0.1743
 0.1753
 0.1763
 0.1773
 0.1783
 0.1793
 0.1803
 0.1813
 0.1823
 0.1833
 0.1843
 0.1853
 0.1863
 0.1873
 0.1883
 0.1892
 0.1902
 0.1912
 0.1922
 0.1932
 0.1942
 0.1952
 0.1962
 0.1972
 0.1982
 0.1992
 0.2002
 0.2012
 0.2022
 0.2032
 0.2042
 0.2052
 0.2062
 0.2072
 0.2082
 0.2091
 0.2101
 0.2111
 0.2121
 0.2131
 0.2141
 0.2151
 0.2161
 0.2171
 0.2181
 0.2191
 0.2201
 0.2211
 0.2221
 0.2231
 0.2241
 0.2251
 0.2261
 0.2271
 0.2281
 0.2290
 0.2300
 0.2310
 0.2320
 0.2330
 0.2340
 0.2350
 0.2360
 0.2370
 0.2380
 0.2390
 0.2400
 0.2410
 0.2420
 0.2430
 0.2440
 0.2450
 0.2460
 0.2470
 0.2480
 0.2489
 0.2499
 0.2509
 0.2519
 0.2529
 0.2539
 0.2549
 0.2559
 0.2569
 0.2579
 0.2589
 0.2599
 0.2609
 0.2619
 0.2629
 0.2639
 0.2649
 0.2659
 0.2669
 0.2679
 0.2688
 0.2698
 0.2708
 0.2718
 0.2728
 0.2738
 0.2748
 0.2758
 0.2768
 0.2778
 0.2788
 0.2798
 0.2808
 0.2818
 0.2828
 0.2838
 0.2848
 0.2858
 0.2868
 0.2878
 0.2887
 0.2897
 0.2907
 0.2917
 0.2927
 0.2937
 0.2947
 0.2957
 0.2967
 0.2977
 0.2987
 0.2997
 0.3007
 0.3017
 0.3027
 0.3037
 0.3047
 0.3057
 0.3067
 0.3077
 0.3086
 0.3096
 0.3106
 0.3116
 0.3126
 0.3136
 0.3146
 0.3156
 0.3166
 0.3176
 0.3186
 0.3196
 0.3206
 0.3216
 0.3226
 0.3236
 0.3246
 0.3256
 0.3266
 0.3276
 0.3285
 0.3295
 0.3305
 0.3315
 0.3325
 0.3335
 0.3345
 0.3355
 0.3365
 0.3375
 0.3385
 0.3395
 0.3405
 0.3415
 0.3425
 0.3435
 0.3445
 0.3455
 0.3465
 0.3475
 0.3484
 0.3494
 0.3504
 0.3514
 0.3524
 0.3534
 0.3544
 0.3554
 0.3564
 0.3574
 0.3584
 0.3594
 0.3604
 0.3614
 0.3624
 0.3634
 0.3644
 0.3654
 0.3664
 0.3674
 0.3683
 0.3693
 0.3703
 0.3713
 0.3723
 0.3733
 0.3743
 0.3753
 0.3763
 0.3773
 0.3783
 0.3793
 0.3803
 0.3813
 0.3823
 0.3833
 0.3843
 0.3853
 0.3863
 0.3873
 0.3882
 0.3892
 0.3902
 0.3912
 0.3922
 0.3932
 0.3942
 0.3952
 0.3962
 0.3972
 0.3982
 0.3992
 0.4002
 0.4012
 0.4022
 0.4032
 0.4042
 0.4052
 0.4062
 0.4072
 0.4081
 0.4091
 0.4101
 0.4111
 0.4121
 0.4131
 0.4141
 0.4151
 0.4161
 0.4171
 0.4181
 0.4191
 0.4201
 0.4211
 0.4221
 0.4231
 0.4241
 0.4251
 0.4261
 0.4271
 0.4280
 0.4290
 0.4300
 0.4310
 0.4320
 0.4330
 0.4340
 0.4350
 0.4360
 0.4370
 0.4380
 0.4390
 0.4400
 0.4410
 0.4420
 0.4430
 0.4440
 0.4450
 0.4460
 0.4470
 0.4479
 0.4489
 0.4499
 0.4509
 0.4519
 0.4529
 0.4539
 0.4549
 0.4559
 0.4569
 0.4579
 0.4589
 0.4599
 0.4609
 0.4619
 0.4629
 0.4639
 0.4649
 0.4659
 0.4669
 0.4678
 0.4688
 0.4698
 0.4708
 0.4718
 0.4728
 0.4738
 0.4748
 0.4758
 0.4768
 0.4778
 0.4788
 0.4798
 0.4808
 0.4818
 0.4828
 0.4838
 0.4848
 0.4858
 0.4868
 0.4877
 0.4887
 0.4897
 0.4907
 0.4917
 0.4927
 0.4937
 0.4947
 0.4957
 0.4967
 0.4977
 0.4987
 0.4997
 0.5007
 0.5017
 0.5027
 0.5037
 0.5047
 0.5057
 0.5067
 0.5076
 0.5086
 0.5096
 0.5106
 0.5116
 0.5126
 0.5136
 0.5146
 0.5156
 0.5166
 0.5176
 0.5186
 0.5196
 0.5206
 0.5216
 0.5226
 0.5236
 0.5246
 0.5256
 0.5266
 0.5275
 0.5285
 0.5295
 0.5305
 0.5315
 0.5325
 0.5335
 0.5345
 0.5355
 0.5365
 0.5375
 0.5385
 0.5395
 0.5405
 0.5415
 0.5425
 0.5435
 0.5445
 0.5455
 0.5465
 0.5474
 0.5484
 0.5494
 0.5504
 0.5514
 0.5524
 0.5534
 0.5544
 0.5554
 0.5564
 0.5574
 0.5584
 0.5594
 0.5604
 0.5614
 0.5624
 0.5634
 0.5644
 0.5654
 0.5664
 0.5673
 0.5683
 0.5693
 0.5703
 0.5713
 0.5723
 0.5733
 0.5743
 0.5753
 0.5763
 0.5773
 0.5783
 0.5793
 0.5803
 0.5813
 0.5823
 0.5833
 0.5843
 0.5853
 0.5863
 0.5872
 0.5882
 0.5892
 0.5902
 0.5912
 0.5922
 0.5932
 0.5942
 0.5952
 0.5962
