0.0000000
0.0001299
0.0003989
0.0006859
0.0009502
0.0011518
0.0012909
0.0013683
0.0013947
0.0013904
0.0013656
0.0013212
0.0012762
0.0012128
0.0011497
0.0010871
0.0010253
0.0009642
0.0009042
0.0008453
0.0007956
0.0007470
0.0006995
0.0006532
0.0006154
0.0005786
0.0005429
0.0005082
0.0004746
0.0004485
0.0004232
0.0003987
0.0003750
0.0003522
0.0003357
0.0003196
0.0002990
0.0002841
0.0002698
0.0002560
0.0002427
0.0002341
0.0002217
0.0002137
0.0002021
0.0001946
0.0001874
0.0001770
0.0001703
0.0001638
0.0001575
0.0001543
0.0001483
0.0001425
0.0001395
0.0001340
0.0001311
0.0001282
0.0001252
0.0001223
0.0001194
0.0001165
0.0001155
0.0001126
0.0001115
0.0001102
0.0001089
0.0001090
0.0001075
0.0001072
0.0001082
0.0001089
0.0001093
0.0001108
0.0001119
0.0001138
0.0001164
0.0001197
0.0001224
0.0001275
0.0001320
0.0001385
0.0001458
0.0001547
0.0001648
0.0001775
0.0001923
0.0002103
0.0002322
0.0002594
0.0002927
0.0003343
0.0003844
0.0004440
0.0005123
0.0005811
0.0006370
0.0006586
0.0006316
0.0005599
0.0004652
0.0003706
0.0002892
0.0002243
0.0001744
0.0001366
0.0001083
0.0000867
0.0000700
0.0000572
0.0000471
0.0000392
0.0000328
0.0000276
0.0000234
0.0000201
0.0000173
0.0000148
0.0000129
0.0000113
0.0000098
0.0000088
0.0000076
0.0000068
0.0000060
0.0000053
0.0000048
0.0000042
0.0000038
0.0000034
0.0000032
0.0000028
0.0000026
0.0000023
0.0000021
0.0000019
0.0000017
0.0000016
0.0000014
0.0000013
0.0000013
0.0000011
0.0000010
0.0000010
0.0000009
0.0000008
0.0000007
0.0000007
0.0000006
0.0000006
0.0000006
0.0000005
0.0000005
0.0000005
0.0000004
0.0000004
0.0000004
0.0000004
0.0000003
0.0000003
0.0000003
0.0000003
0.0000003
0.0000002
0.0000002
0.0000002
0.0000002
0.0000002
0.0000002
0.0000002
0.0000001
0.0000001
0.0000001
0.0000001
0.0000001
0.0000001
0.0000001
0.0000001
0.0000001
0.0000001
0.0000001
0.0000001
0.0000001
0.0000001
0.0000001
0.0000001
0.0000001
0.0000001
0.0000001
0.0000001
0.0000001
0.0000001
0.0000001
0.0000001
0.0000001
0.0000001
0.0000000
0.0000000
0.0000000
0.0000000
0.0000000
0.0000000
0.0000000
0.0000000
0.0000000
0.0000000
0.0000000
0.0000000
0.0000000
0.0000000
0.0000000
0.0000000
0.0000000
0.0000000
0.0000000
0.0000000
0.0000000
0.0000000
0.0000000
0.0000000
0.0000000
0.0000000
0.0000000
0.0000000
0.0000000
0.0000000
0.0000000
0.0000000
0.0000000
0.0000000
0.0000000
0.0000000
0.0000000
0.0000000
0.0000000
0.0000000
0.0000000
0.0000000
0.0000000
0.0000000
0.0000000
0.0000000
0.0000000
0.0000000
0.0000000
0.0000000
0.0000000
0.0000000
0.0000000
0.0000000
0.0000000
0.0000000
0.0000000
0.0000000
0.0000000
0.0000000
0.0000000
0.0000000
0.0000000
0.0000000
0.0000000
0.0000000
0.0000000
0.0000000
0.0000000
0.0000000
0.0000000
0.0000000
0.0000000
0.0000000
0.0000000
0.0000000
0.0000000
0.0000000
0.0000000
0.0000000
0.0000000
0.0000000
0.0000000
0.0000000
0.0000000
0.0000000
0.0000000
0.0000000
0.0000000
0.0000000
0.0000000
0.0000000
0.0000000
0.0000000
0.0000000
0.0000000
0.0000000
0.0000000
0.0000000
0.0000000
0.0000000
0.0000000
0.0000000
0.0000000
0.0000000
0.0000000
0.0000000
0.0000000
0.0000000
0.0000000
0.0000000
0.0000000
0.0000000
0.0000000
0.0000000
0.0000000
0.0000000
0.0000000
0.0000000
0.0000000
0.0000000
0.0000000
0.0000000
0.0000000
0.0000000
0.0000000
0.0000000
0.0000000
0.0000000
0.0000000
0.0000000
0.0000000
0.0000000
0.0000000
0.0000000
0.0000000
0.0000000
0.0000000
0.0000000
0.0000000
0.0000000
0.0000000
0.0000000
0.0000000
0.0000000
0.0000000
0.0000000
0.0000000
0.0000000
0.0000000
0.0000000
0.0000000
0.0000000
0.0000000
0.0000000
0.0000000
0.0000000
0.0000000
0.0000000
0.0000000
0.0000000
0.0000000
0.0000000
0.0000000
0.0000000
0.0000000
0.0000000
0.0000000
0.0000000
0.0000000
0.0000000
0.0000000
0.0000000
0.0000000
0.0000000
0.0000000
0.0000000
0.0000000
0.0000000
0.0000000
0.0000000
0.0000000
0.0000000
0.0000000
0.0000000
0.0000000
0.0000000
0.0000000
0.0000000
0.0000000
0.0000000
0.0000000
0.0000000
0.0000000
0.0000000
0.0000000
0.0000000
0.0000000
0.0000000
0.0000000
0.0000000
0.0000000
0.0000000
0.0000000
0.0000000
0.0000000
0.0000000
0.0000000
0.0000000
0.0000000
0.0000000
0.0000000
0.0000000
0.0000000
0.0000000
0.0000000
0.0000000
0.0000000
0.0000000
0.0000000
0.0000000
0.0000000
0.0000000
0.0000000
0.0000000
0.0000000
0.0000000
0.0000000
0.0000000
0.0000000
0.0000000
0.0000000
0.0000000
0.0000000
0.0000000
0.0000000
0.0000000
0.0000000
0.0000000
0.0000000
0.0000000
0.0000000
0.0000000
0.0000000
0.0000000
0.0000000
0.0000000
0.0000000
0.0000000
0.0000000
0.0000000
0.0000000
0.0000000
0.0000000
0.0000000
0.0000000
0.0000000
0.0000000
0.0000000
0.0000000
0.0000000
0.0000000
0.0000000
0.0000000
0.0000000
0.0000000
0.0000000
0.0000000
0.0000000
0.0000000
0.0000000
0.0000000
0.0000000
0.0000000
0.0000000
0.0000000
0.0000000
0.0000000
0.0000000
0.0000000
0.0000000
0.0000000
0.0000000
0.0000000
0.0000000
0.0000000
0.0000000
0.0000000
0.0000000
0.0000000
0.0000000
0.0000000
0.0000000
0.0000000
0.0000000
0.0000000
0.0000000
0.0000000
0.0000000
0.0000000
0.0000000
0.0000000
0.0000000
0.0000000
0.0000000
0.0000000
0.0000000
0.0000000
0.0000000
0.0000000
0.0000000
0.0000000
0.0000000
0.0000000
0.0000000
0.0000000
0.0000000
0.0000000
0.0000000
0.0000000
0.0000000
0.0000000
0.0000000
0.0000000
0.0000000
0.0000000
0.0000000
0.0000000
0.0000000
0.0000000
0.0000000
0.0000000
0.0000000
0.0000000
0.0000000
0.0000000
0.0000000
0.0000000
0.0000000
0.0000000
0.0000000
0.0000000
0.0000000
0.0000000
0.0000000
0.0000000
0.0000000
0.0000000
0.0000000
0.0000000
0.0000000
0.0000000
0.0000000
0.0000000
0.0000000
0.0000000
0.0000000
0.0000000
0.0000000
0.0000000
0.0000000
0.0000000
0.0000000
0.0000000
0.0000000
0.0000000
0.0000000
0.0000000
0.0000000
0.0000000
0.0000000
0.0000000
0.0000000
0.0000000
0.0000000
0.0000000
0.0000000
0.0000000
0.0000000
0.0000000
0.0000000
0.0000000
0.0000000
0.0000000
0.0000000
0.0000000
0.0000000
0.0000000
0.0000000
0.0000000
0.0000000
0.0000000
0.0000000
0.0000000
0.0000000
0.0000000
0.0000000
0.0000000
0.0000000
0.0000000
0.0000000
0.0000000
0.0000000
0.0000000
