0.0010438
0.0353254
0.1033447
0.1800439
0.2469552
0.2963917
0.3280122
0.3446942
0.3500594
0.3474031
0.3393713
0.3279549
0.3145927
0.3002931
0.2857431
0.2713965
0.2575413
0.2443495
0.2319132
0.2202706
0.2094243
0.1993540
0.1900255
0.1813970
0.1734226
0.1660554
0.1592495
0.1529604
0.1471464
0.1417682
0.1367898
0.1321778
0.1279016
0.1239334
0.1202476
0.1168211
0.1136328
0.1106637
0.1078962
0.1053146
0.1029045
0.1006527
0.0985475
0.0965779
0.0947340
0.0930069
0.0913882
0.0898705
0.0884469
0.0871110
0.0858570
0.0846797
0.0835742
0.0825360
0.0815609
0.0806451
0.0797853
0.0789780
0.0782204
0.0775096
0.0768431
0.0762186
0.0756338
0.0750867
0.0745754
0.0740982
0.0736534
0.0732395
0.0728551
0.0724989
0.0721697
0.0718663
0.0715876
0.0713327
0.0711006
0.0708905
0.0707015
0.0705330
0.0703841
0.0702543
0.0701429
0.0700493
0.0699730
0.0699136
0.0698704
0.0698432
0.0698314
0.0698347
0.0698528
0.0698852
0.0699318
0.0699922
0.0700661
0.0701533
0.0702535
0.0703666
0.0704923
0.0706305
0.0707810
0.0709436
0.0711182
0.0713047
0.0715029
0.0717128
0.0719342
0.0721671
0.0724113
0.0726669
0.0729338
0.0732118
0.0735010
0.0738014
0.0741129
0.0744355
0.0747692
0.0751139
0.0754697
0.0758367
0.0762147
0.0766038
0.0770041
0.0774156
0.0778383
0.0782722
0.0787174
0.0791739
0.0796418
0.0801211
0.0806119
0.0811143
0.0816282
0.0821539
0.0826913
0.0832404
0.0838015
0.0843745
0.0849595
0.0855566
0.0861658
0.0867873
0.0874212
0.0880673
0.0887260
0.0893972
0.0900809
0.0907774
0.0914865
0.0922085
0.0929432
0.0936909
0.0944516
0.0952252
0.0960118
0.0968115
0.0976243
0.0984502
0.0992892
0.1001412
0.1010064
0.1018847
0.1027759
0.1036802
0.1045974
0.1055274
0.1064702
0.1074256
0.1083935
0.1093738
0.1103664
0.1113709
0.1123872
0.1134151
0.1144543
0.1155045
0.1165654
0.1176366
0.1187179
0.1198086
0.1209085
0.1220170
0.1231337
0.1242579
0.1253890
0.1265264
0.1276695
0.1288175
0.1299695
0.1311249
0.1322828
0.1334421
0.1346019
0.1357613
0.1369191
0.1380743
0.1392255
0.1403717
0.1415114
0.1426435
0.1437664
0.1448788
0.1459791
0.1470659
0.1481374
0.1491922
0.1502285
0.1512446
0.1522387
0.1532092
0.1541541
0.1550717
0.1559601
0.1568174
0.1576418
0.1584315
0.1591845
0.1598991
0.1605734
0.1612055
0.1617938
0.1623366
0.1628321
0.1632788
0.1636751
0.1640195
0.1643108
0.1645475
0.1647286
0.1648529
0.1649195
0.1649275
0.1648762
0.1647650
0.1645935
0.1643613
0.1640682
0.1637143
0.1632995
0.1628243
0.1622889
0.1616940
0.1610402
0.1603283
0.1595593
0.1587343
0.1578546
0.1569214
0.1559362
0.1549006
0.1538161
0.1526847
0.1515081
0.1502882
0.1490269
0.1477264
0.1463887
0.1450158
0.1436100
0.1421734
0.1407081
0.1392163
0.1377003
0.1361621
0.1346039
0.1330278
0.1314359
0.1298302
0.1282128
0.1265855
0.1249502
0.1233089
0.1216632
0.1200149
0.1183657
0.1167171
0.1150706
0.1134277
0.1117897
0.1101580
0.1085338
0.1069183
0.1053125
0.1037174
0.1021341
0.1005634
0.0990062
0.0974631
0.0959350
0.0944224
0.0929260
0.0914462
0.0899836
0.0885386
0.0871115
0.0857027
0.0843125
0.0829411
0.0815887
0.0802556
0.0789417
0.0776473
0.0763724
0.0751171
0.0738813
0.0726650
0.0714682
0.0702909
0.0691329
0.0679942
0.0668746
0.0657740
0.0646922
0.0636292
0.0625847
0.0615585
0.0605504
0.0595603
0.0585878
0.0576329
0.0566953
0.0557746
0.0548708
0.0539836
0.0531126
0.0522577
0.0514187
0.0505952
0.0497870
0.0489939
0.0482156
0.0474519
0.0467025
0.0459671
0.0452456
0.0445376
0.0438429
0.0431613
0.0424925
0.0418364
0.0411925
0.0405608
0.0399410
0.0393328
0.0387361
0.0381506
0.0375761
0.0370123
0.0364591
0.0359162
0.0353835
0.0348607
0.0343477
0.0338442
0.0333501
0.0328651
0.0323891
0.0319219
0.0314633
0.0310131
0.0305713
0.0301375
0.0297116
0.0292935
0.0288830
0.0284800
0.0280842
0.0276957
0.0273141
0.0269393
0.0265713
0.0262099
0.0258549
0.0255063
0.0251638
0.0248274
0.0244969
0.0241722
0.0238532
0.0235398
0.0232319
0.0229293
0.0226319
0.0223397
0.0220525
0.0217703
0.0214929
0.0212202
0.0209522
0.0206887
0.0204297
0.0201750
0.0199246
0.0196784
0.0194363
0.0191983
0.0189641
0.0187339
0.0185075
0.0182847
0.0180657
0.0178502
0.0176382
0.0174296
0.0172244
0.0170225
0.0168239
0.0166284
0.0164361
0.0162468
0.0160605
0.0158772
0.0156967
0.0155191
0.0153442
0.0151721
0.0150026
0.0148358
0.0146715
0.0145098
0.0143505
0.0141937
0.0140392
0.0138871
0.0137373
0.0135898
0.0134444
0.0133013
0.0131603
0.0130213
0.0128845
0.0127496
0.0126168
0.0124859
0.0123569
0.0122298
0.0121045
0.0119810
0.0118594
0.0117394
0.0116212
0.0115047
0.0113898
0.0112766
0.0111650
0.0110549
0.0109464
0.0108394
0.0107339
0.0106299
0.0105273
0.0104262
0.0103264
0.0102280
0.0101309
0.0100352
0.0099408
0.0098476
0.0097558
0.0096651
0.0095757
0.0094874
0.0094004
0.0093145
0.0092297
0.0091461
0.0090636
0.0089821
0.0089017
0.0088224
0.0087441
0.0086668
0.0085905
0.0085152
0.0084408
0.0083675
0.0082950
0.0082235
0.0081529
0.0080831
0.0080143
0.0079463
0.0078792
0.0078129
0.0077474
0.0076828
0.0076189
0.0075559
0.0074936
0.0074321
0.0073713
0.0073113
0.0072520
0.0071934
0.0071356
0.0070784
0.0070219
0.0069661
0.0069110
0.0068565
0.0068027
0.0067495
0.0066969
0.0066450
0.0065936
0.0065429
0.0064928
0.0064432
0.0063942
0.0063458
0.0062980
0.0062507
0.0062039
0.0061577
0.0061120
0.0060668
0.0060221
0.0059780
0.0059343
0.0058911
0.0058485
0.0058063
0.0057645
0.0057233
0.0056824
0.0056421
0.0056022
0.0055627
0.0055237
0.0054851
0.0054469
0.0054091
0.0053717
0.0053348
0.0052982
0.0052621
0.0052263
0.0051909
0.0051559
0.0051213
0.0050870
0.0050531
0.0050196
0.0049864
0.0049535
0.0049210
0.0048889
0.0048571
0.0048256
0.0047944
0.0047636
0.0047331
0.0047029
0.0046730
0.0046434
0.0046141
0.0045852
0.0045565
0.0045281
0.0045000
0.0044722
0.0044446
0.0044174
0.0043904
0.0043637
0.0043372
0.0043110
0.0042851
0.0042595
0.0042341
0.0042089
0.0041840
0.0041593
0.0041349
0.0041107
0.0040868
0.0040631
0.0040396
0.0040163
0.0039933
0.0039705
0.0039479
0.0039256
0.0039034
0.0038815
0.0038597
0.0038382
0.0038169
0.0037958
0.0037749
0.0037541
0.0037336
0.0037133
0.0036932
0.0036732
0.0036535
0.0036339
0.0036145
0.0035953
0.0035762
0.0035574
0.0035387
