 0.00001
 0.00026
 0.00076
 0.00133
 0.00182
 0.00219
 0.00242
 0.00254
 0.00258
 0.00256
 0.00251
 0.00243
 0.00233
 0.00223
 0.00213
 0.00204
 0.00194
 0.00185
 0.00177
 0.00170
 0.00163
 0.00157
 0.00151
 0.00146
 0.00141
 0.00137
 0.00134
 0.00130
 0.00128
 0.00126
 0.00124
 0.00122
 0.00121
 0.00121
 0.00120
 0.00120
 0.00121
 0.00122
 0.00123
 0.00125
 0.00127
 0.00130
 0.00134
 0.00138
 0.00143
 0.00148
 0.00155
 0.00163
 0.00172
 0.00183
 0.00195
 0.00210
 0.00228
 0.00249
 0.00274
 0.00305
 0.00344
 0.00392
 0.00453
 0.00532
 0.00637
 0.00777
 0.00970
 0.01238
 0.01611
 0.02108
 0.02682
 0.03122
 0.03118
 0.02642
 0.02010
 0.01466
 0.01068
 0.00791
 0.00599
 0.00464
 0.00367
 0.00295
 0.00242
 0.00200
 0.00169
 0.00143
 0.00123
 0.00106
 0.00093
 0.00082
 0.00072
 0.00064
 0.00058
 0.00052
 0.00047
 0.00042
 0.00039
 0.00035
 0.00032
 0.00030
 0.00027
 0.00025
 0.00024
 0.00022
 0.00020
 0.00019
 0.00018
 0.00017
 0.00016
 0.00015
 0.00014
 0.00013
 0.00013
 0.00012
 0.00011
 0.00011
 0.00010
 0.00010
 0.00009
 0.00009
 0.00009
 0.00008
 0.00008
 0.00008
 0.00007
 0.00007
 0.00007
 0.00007
 0.00006
 0.00006
 0.00006
 0.00006
 0.00006
 0.00005
 0.00005
 0.00005
 0.00005
 0.00005
 0.00005
 0.00005
 0.00005
 0.00004
 0.00004
 0.00004
 0.00004
 0.00004
 0.00004
 0.00004
 0.00004
 0.00004
 0.00004
 0.00004
 0.00004
 0.00004
 0.00004
 0.00003
 0.00003
 0.00003
 0.00003
 0.00003
 0.00003
 0.00003
 0.00003
 0.00003
 0.00003
 0.00003
 0.00003
 0.00003
 0.00003
 0.00003
 0.00003
 0.00003
 0.00003
 0.00003
 0.00003
 0.00003
 0.00003
 0.00003
 0.00003
 0.00003
 0.00003
 0.00003
 0.00003
 0.00003
 0.00003
 0.00003
 0.00003
 0.00003
 0.00003
 0.00003
 0.00003
 0.00003
 0.00003
 0.00003
 0.00003
 0.00003
 0.00004
 0.00004
 0.00004
 0.00004
 0.00004
 0.00004
 0.00004
 0.00004
 0.00004
 0.00004
 0.00004
 0.00004
 0.00004
 0.00004
 0.00004
 0.00005
 0.00005
 0.00005
 0.00005
 0.00005
 0.00005
 0.00005
 0.00005
 0.00006
 0.00006
 0.00006
 0.00006
 0.00006
 0.00006
 0.00006
 0.00007
 0.00007
 0.00007
 0.00007
 0.00007
 0.00007
 0.00008
 0.00008
 0.00008
 0.00008
 0.00008
 0.00008
 0.00008
 0.00009
 0.00009
 0.00009
 0.00009
 0.00009
 0.00009
 0.00009
 0.00009
 0.00009
 0.00009
 0.00009
 0.00009
 0.00009
 0.00008
 0.00008
 0.00008
 0.00008
 0.00008
 0.00008
 0.00007
 0.00007
 0.00007
 0.00007
 0.00006
 0.00006
 0.00006
 0.00006
 0.00006
 0.00005
 0.00005
 0.00005
 0.00005
 0.00005
 0.00005
 0.00004
 0.00004
 0.00004
 0.00004
 0.00004
 0.00004
 0.00004
 0.00003
 0.00003
 0.00003
 0.00003
 0.00003
 0.00003
 0.00003
 0.00003
 0.00003
 0.00003
 0.00002
 0.00002
 0.00002
 0.00002
 0.00002
 0.00002
 0.00002
 0.00002
 0.00002
 0.00002
 0.00002
 0.00002
 0.00002
 0.00002
 0.00002
 0.00002
 0.00002
 0.00002
 0.00002
 0.00002
 0.00001
 0.00001
 0.00001
 0.00001
 0.00001
 0.00001
 0.00001
 0.00001
 0.00001
 0.00001
 0.00001
 0.00001
 0.00001
 0.00001
 0.00001
 0.00001
 0.00001
 0.00001
 0.00001
 0.00001
 0.00001
 0.00001
 0.00001
 0.00001
 0.00001
 0.00001
 0.00001
 0.00001
 0.00001
 0.00001
 0.00001
 0.00001
 0.00001
 0.00001
 0.00001
 0.00001
 0.00001
 0.00001
 0.00001
 0.00001
 0.00001
 0.00001
 0.00001
 0.00001
 0.00001
 0.00001
 0.00001
 0.00001
 0.00001
 0.00001
 0.00001
 0.00001
 0.00001
 0.00001
 0.00001
 0.00001
 0.00001
 0.00001
 0.00001
 0.00001
 0.00001
 0.00001
 0.00001
 0.00001
 0.00001
 0.00001
 0.00001
 0.00001
 0.00001
 0.00001
 0.00001
 0.00001
 0.00001
 0.00001
 0.00001
 0.00001
 0.00001
 0.00001
 0.00001
 0.00001
 0.00001
 0.00001
 0.00001
 0.00001
 0.00001
 0.00001
 0.00001
 0.00001
 0.00001
 0.00001
 0.00001
 0.00001
 0.00001
 0.00001
 0.00001
 0.00002
 0.00002
 0.00002
 0.00002
 0.00002
 0.00002
 0.00002
 0.00002
 0.00002
 0.00002
 0.00002
 0.00002
 0.00002
 0.00002
 0.00002
 0.00002
 0.00002
 0.00002
 0.00002
 0.00002
 0.00002
 0.00002
 0.00002
 0.00002
 0.00002
 0.00002
 0.00002
 0.00002
 0.00002
 0.00002
 0.00002
 0.00002
 0.00002
 0.00002
 0.00002
 0.00002
 0.00002
 0.00002
 0.00002
 0.00002
 0.00002
 0.00002
 0.00002
 0.00002
 0.00002
 0.00002
 0.00001
 0.00001
 0.00001
 0.00001
 0.00001
 0.00001
 0.00001
 0.00001
 0.00001
 0.00001
 0.00001
 0.00001
 0.00001
 0.00001
 0.00001
 0.00001
 0.00001
 0.00001
 0.00001
 0.00001
 0.00001
 0.00001
 0.00001
 0.00001
 0.00001
 0.00001
 0.00001
 0.00001
 0.00001
 0.00001
 0.00001
 0.00001
 0.00001
 0.00001
 0.00001
 0.00001
 0.00001
 0.00001
 0.00001
 0.00001
 0.00001
 0.00001
 0.00001
 0.00001
 0.00001
 0.00001
 0.00001
 0.00001
 0.00001
 0.00001
 0.00001
 0.00001
 0.00001
 0.00001
 0.00001
 0.00001
 0.00001
 0.00001
 0.00001
 0.00001
 0.00001
 0.00001
 0.00001
 0.00001
 0.00001
 0.00001
 0.00001
 0.00001
 0.00001
 0.00001
 0.00001
 0.00001
 0.00001
 0.00001
 0.00001
 0.00001
 0.00001
 0.00001
 0.00000
 0.00000
 0.00000
 0.00000
 0.00000
 0.00000
 0.00000
 0.00000
 0.00000
 0.00000
 0.00000
 0.00000
 0.00000
 0.00000
 0.00000
 0.00000
 0.00000
 0.00000
 0.00000
 0.00000
 0.00000
 0.00000
 0.00000
 0.00000
 0.00001
 0.00001
 0.00001
 0.00001
 0.00001
 0.00001
 0.00001
 0.00001
 0.00001
 0.00001
 0.00001
 0.00001
 0.00001
 0.00001
 0.00001
 0.00001
 0.00001
 0.00001
 0.00001
 0.00001
 0.00001
 0.00001
 0.00001
 0.00001
 0.00001
 0.00001
 0.00001
 0.00001
 0.00001
 0.00001
 0.00001
 0.00001
 0.00001
 0.00001
 0.00001
 0.00001
 0.00001
 0.00001
 0.00001
 0.00001
 0.00001
 0.00001
 0.00001
 0.00001
 0.00001
 0.00001
 0.00001
 0.00001
 0.00001
 0.00001
 0.00001
