 0.00001
 0.00026
 0.00076
 0.00131
 0.00178
 0.00212
 0.00231
 0.00238
 0.00237
 0.00231
 0.00221
 0.00208
 0.00194
 0.00180
 0.00167
 0.00155
 0.00142
 0.00130
 0.00120
 0.00110
 0.00101
 0.00093
 0.00086
 0.00079
 0.00073
 0.00067
 0.00063
 0.00058
 0.00054
 0.00050
 0.00047
 0.00044
 0.00041
 0.00039
 0.00036
 0.00034
 0.00032
 0.00031
 0.00029
 0.00028
 0.00027
 0.00026
 0.00025
 0.00024
 0.00024
 0.00023
 0.00023
 0.00022
 0.00022
 0.00022
 0.00022
 0.00023
 0.00023
 0.00024
 0.00025
 0.00026
 0.00027
 0.00029
 0.00032
 0.00035
 0.00040
 0.00046
 0.00054
 0.00064
 0.00079
 0.00097
 0.00117
 0.00128
 0.00121
 0.00097
 0.00069
 0.00048
 0.00033
 0.00023
 0.00016
 0.00012
 0.00009
 0.00007
 0.00005
 0.00004
 0.00003
 0.00003
 0.00002
 0.00002
 0.00001
 0.00001
 0.00001
 0.00001
 0.00001
 0.00001
 0.00001
 0.00000
 0.00000
 0.00000
 0.00000
 0.00000
 0.00000
 0.00000
 0.00000
 0.00000
 0.00000
 0.00000
 0.00000
 0.00000
 0.00000
 0.00000
 0.00000
 0.00000
 0.00000
 0.00000
 0.00000
 0.00000
 0.00000
 0.00000
 0.00000
 0.00000
 0.00000
 0.00000
 0.00000
 0.00000
 0.00000
 0.00000
 0.00000
 0.00000
 0.00000
 0.00000
 0.00000
 0.00000
 0.00000
 0.00000
 0.00000
 0.00000
 0.00000
 0.00000
 0.00000
 0.00000
 0.00000
 0.00000
 0.00000
 0.00000
 0.00000
 0.00000
 0.00000
 0.00000
 0.00000
 0.00000
 0.00000
 0.00000
 0.00000
 0.00000
 0.00000
 0.00000
 0.00000
 0.00000
 0.00000
 0.00000
 0.00000
 0.00000
 0.00000
 0.00000
 0.00000
 0.00000
 0.00000
 0.00000
 0.00000
 0.00000
 0.00000
 0.00000
 0.00000
 0.00000
 0.00000
 0.00000
 0.00000
 0.00000
 0.00000
 0.00000
 0.00000
 0.00000
 0.00000
 0.00000
 0.00000
 0.00000
 0.00000
 0.00000
 0.00000
 0.00000
 0.00000
 0.00000
 0.00000
 0.00000
 0.00000
 0.00000
 0.00000
 0.00000
 0.00000
 0.00000
 0.00000
 0.00000
 0.00000
 0.00000
 0.00000
 0.00000
 0.00000
 0.00000
 0.00000
 0.00000
 0.00000
 0.00000
 0.00000
 0.00000
 0.00000
 0.00000
 0.00000
 0.00000
 0.00000
 0.00000
 0.00000
 0.00000
 0.00000
 0.00000
 0.00000
 0.00000
 0.00000
 0.00000
 0.00000
 0.00000
 0.00000
 0.00000
 0.00000
 0.00000
 0.00000
 0.00000
 0.00000
 0.00000
 0.00000
 0.00000
 0.00000
 0.00000
 0.00000
 0.00000
 0.00000
 0.00000
 0.00000
 0.00000
 0.00000
 0.00000
 0.00000
 0.00000
 0.00000
 0.00000
 0.00000
 0.00000
 0.00000
 0.00000
 0.00000
 0.00000
 0.00000
 0.00000
 0.00000
 0.00000
 0.00000
 0.00000
 0.00000
 0.00000
 0.00000
 0.00000
 0.00000
 0.00000
 0.00000
 0.00000
 0.00000
 0.00000
 0.00000
 0.00000
 0.00000
 0.00000
 0.00000
 0.00000
 0.00000
 0.00000
 0.00000
 0.00000
 0.00000
 0.00000
 0.00000
 0.00000
 0.00000
 0.00000
 0.00000
 0.00000
 0.00000
 0.00000
 0.00000
 0.00000
 0.00000
 0.00000
 0.00000
 0.00000
 0.00000
 0.00000
 0.00000
 0.00000
 0.00000
 0.00000
 0.00000
 0.00000
 0.00000
 0.00000
 0.00000
 0.00000
 0.00000
 0.00000
 0.00000
 0.00000
 0.00000
 0.00000
 0.00000
 0.00000
 0.00000
 0.00000
 0.00000
 0.00000
 0.00000
 0.00000
 0.00000
 0.00000
 0.00000
 0.00000
 0.00000
 0.00000
 0.00000
 0.00000
 0.00000
 0.00000
 0.00000
 0.00000
 0.00000
 0.00000
 0.00000
 0.00000
 0.00000
 0.00000
 0.00000
 0.00000
 0.00000
 0.00000
 0.00000
 0.00000
 0.00000
 0.00000
 0.00000
 0.00000
 0.00000
 0.00000
 0.00000
 0.00000
 0.00000
 0.00000
 0.00000
 0.00000
 0.00000
 0.00000
 0.00000
 0.00000
 0.00000
 0.00000
 0.00000
 0.00000
 0.00000
 0.00000
 0.00000
 0.00000
 0.00000
 0.00000
 0.00000
 0.00000
 0.00000
 0.00000
 0.00000
 0.00000
 0.00000
 0.00000
 0.00000
 0.00000
 0.00000
 0.00000
 0.00000
 0.00000
 0.00000
 0.00000
 0.00000
 0.00000
 0.00000
 0.00000
 0.00000
 0.00000
 0.00000
 0.00000
 0.00000
 0.00000
 0.00000
 0.00000
 0.00000
 0.00000
 0.00000
 0.00000
 0.00000
 0.00000
 0.00000
 0.00000
 0.00000
 0.00000
 0.00000
 0.00000
 0.00000
 0.00000
 0.00000
 0.00000
 0.00000
 0.00000
 0.00000
 0.00000
 0.00000
 0.00000
 0.00000
 0.00000
 0.00000
 0.00000
 0.00000
 0.00000
 0.00000
 0.00000
 0.00000
 0.00000
 0.00000
 0.00000
 0.00000
 0.00000
 0.00000
 0.00000
 0.00000
 0.00000
 0.00000
 0.00000
 0.00000
 0.00000
 0.00000
 0.00000
 0.00000
 0.00000
 0.00000
 0.00000
 0.00000
 0.00000
 0.00000
 0.00000
 0.00000
 0.00000
 0.00000
 0.00000
 0.00000
 0.00000
 0.00000
 0.00000
 0.00000
 0.00000
 0.00000
 0.00000
 0.00000
 0.00000
 0.00000
 0.00000
 0.00000
 0.00000
 0.00000
 0.00000
 0.00000
 0.00000
 0.00000
 0.00000
 0.00000
 0.00000
 0.00000
 0.00000
 0.00000
 0.00000
 0.00000
 0.00000
 0.00000
 0.00000
 0.00000
 0.00000
 0.00000
 0.00000
 0.00000
 0.00000
 0.00000
 0.00000
 0.00000
 0.00000
 0.00000
 0.00000
 0.00000
 0.00000
 0.00000
 0.00000
 0.00000
 0.00000
 0.00000
 0.00000
 0.00000
 0.00000
 0.00000
 0.00000
 0.00000
 0.00000
 0.00000
 0.00000
 0.00000
 0.00000
 0.00000
 0.00000
 0.00000
 0.00000
 0.00000
 0.00000
 0.00000
 0.00000
 0.00000
 0.00000
 0.00000
 0.00000
 0.00000
 0.00000
 0.00000
 0.00000
 0.00000
 0.00000
 0.00000
 0.00000
 0.00000
 0.00000
 0.00000
 0.00000
 0.00000
 0.00000
 0.00000
 0.00000
 0.00000
 0.00000
 0.00000
 0.00000
 0.00000
 0.00000
 0.00000
 0.00000
 0.00000
 0.00000
 0.00000
 0.00000
 0.00000
 0.00000
 0.00000
 0.00000
 0.00000
 0.00000
 0.00000
 0.00000
 0.00000
 0.00000
 0.00000
 0.00000
 0.00000
 0.00000
 0.00000
 0.00000
 0.00000
 0.00000
 0.00000
 0.00000
 0.00000
 0.00000
 0.00000
 0.00000
 0.00000
 0.00000
 0.00000
 0.00000
 0.00000
 0.00000
 0.00000
 0.00000
 0.00000
 0.00000
 0.00000
 0.00000
 0.00000
 0.00000
 0.00000
 0.00000
