 0.00000
 0.00013
 0.00040
 0.00069
 0.00096
 0.00117
 0.00132
 0.00141
 0.00145
 0.00146
 0.00145
 0.00142
 0.00139
 0.00134
 0.00129
 0.00124
 0.00119
 0.00114
 0.00109
 0.00104
 0.00100
 0.00096
 0.00092
 0.00088
 0.00085
 0.00082
 0.00079
 0.00076
 0.00073
 0.00071
 0.00069
 0.00067
 0.00065
 0.00063
 0.00062
 0.00061
 0.00059
 0.00058
 0.00057
 0.00056
 0.00055
 0.00055
 0.00054
 0.00054
 0.00053
 0.00053
 0.00053
 0.00052
 0.00052
 0.00052
 0.00052
 0.00053
 0.00053
 0.00053
 0.00054
 0.00054
 0.00055
 0.00056
 0.00057
 0.00058
 0.00059
 0.00060
 0.00062
 0.00063
 0.00065
 0.00067
 0.00069
 0.00072
 0.00074
 0.00077
 0.00081
 0.00085
 0.00089
 0.00094
 0.00099
 0.00105
 0.00112
 0.00120
 0.00128
 0.00139
 0.00150
 0.00164
 0.00180
 0.00199
 0.00221
 0.00248
 0.00280
 0.00319
 0.00367
 0.00427
 0.00502
 0.00597
 0.00715
 0.00860
 0.01033
 0.01220
 0.01392
 0.01498
 0.01495
 0.01379
 0.01192
 0.00988
 0.00802
 0.00647
 0.00523
 0.00426
 0.00351
 0.00292
 0.00245
 0.00208
 0.00178
 0.00154
 0.00134
 0.00117
 0.00103
 0.00092
 0.00082
 0.00073
 0.00066
 0.00060
 0.00054
 0.00050
 0.00045
 0.00042
 0.00038
 0.00035
 0.00033
 0.00030
 0.00028
 0.00026
 0.00025
 0.00023
 0.00022
 0.00020
 0.00019
 0.00018
 0.00017
 0.00016
 0.00015
 0.00014
 0.00014
 0.00013
 0.00012
 0.00012
 0.00011
 0.00011
 0.00010
 0.00010
 0.00009
 0.00009
 0.00009
 0.00008
 0.00008
 0.00008
 0.00007
 0.00007
 0.00007
 0.00007
 0.00006
 0.00006
 0.00006
 0.00006
 0.00006
 0.00005
 0.00005
 0.00005
 0.00005
 0.00005
 0.00005
 0.00005
 0.00004
 0.00004
 0.00004
 0.00004
 0.00004
 0.00004
 0.00004
 0.00004
 0.00004
 0.00003
 0.00003
 0.00003
 0.00003
 0.00003
 0.00003
 0.00003
 0.00003
 0.00003
 0.00003
 0.00003
 0.00003
 0.00003
 0.00003
 0.00003
 0.00003
 0.00003
 0.00002
 0.00002
 0.00002
 0.00002
 0.00002
 0.00002
 0.00002
 0.00002
 0.00002
 0.00002
 0.00002
 0.00002
 0.00002
 0.00002
 0.00002
 0.00002
 0.00002
 0.00002
 0.00002
 0.00002
 0.00002
 0.00002
 0.00002
 0.00002
 0.00002
 0.00002
 0.00002
 0.00002
 0.00002
 0.00002
 0.00002
 0.00002
 0.00002
 0.00002
 0.00002
 0.00002
 0.00002
 0.00002
 0.00002
 0.00002
 0.00002
 0.00002
 0.00002
 0.00002
 0.00002
 0.00002
 0.00002
 0.00002
 0.00002
 0.00002
 0.00002
 0.00002
 0.00002
 0.00002
 0.00002
 0.00002
 0.00002
 0.00002
 0.00002
 0.00002
 0.00002
 0.00002
 0.00002
 0.00002
 0.00002
 0.00002
 0.00002
 0.00002
 0.00002
 0.00002
 0.00002
 0.00002
 0.00002
 0.00002
 0.00002
 0.00002
 0.00002
 0.00002
 0.00002
 0.00002
 0.00002
 0.00002
 0.00002
 0.00002
 0.00002
 0.00002
 0.00002
 0.00002
 0.00002
 0.00002
 0.00002
 0.00002
 0.00002
 0.00002
 0.00002
 0.00002
 0.00002
 0.00002
 0.00002
 0.00002
 0.00002
 0.00002
 0.00002
 0.00002
 0.00002
 0.00002
 0.00002
 0.00002
 0.00002
 0.00002
 0.00002
 0.00002
 0.00002
 0.00002
 0.00002
 0.00002
 0.00002
 0.00002
 0.00002
 0.00002
 0.00002
 0.00002
 0.00002
 0.00002
 0.00002
 0.00002
 0.00002
 0.00002
 0.00002
 0.00002
 0.00002
 0.00002
 0.00002
 0.00002
 0.00002
 0.00003
 0.00003
 0.00003
 0.00003
 0.00003
 0.00003
 0.00003
 0.00003
 0.00003
 0.00003
 0.00003
 0.00003
 0.00003
 0.00003
 0.00003
 0.00003
 0.00003
 0.00003
 0.00003
 0.00003
 0.00003
 0.00003
 0.00003
 0.00003
 0.00003
 0.00003
 0.00003
 0.00003
 0.00003
 0.00003
 0.00003
 0.00003
 0.00003
 0.00003
 0.00003
 0.00003
 0.00003
 0.00003
 0.00003
 0.00003
 0.00003
 0.00003
 0.00003
 0.00003
 0.00003
 0.00003
 0.00003
 0.00003
 0.00003
 0.00003
 0.00003
 0.00003
 0.00003
 0.00003
 0.00003
 0.00003
 0.00003
 0.00003
 0.00002
 0.00002
 0.00002
 0.00002
 0.00002
 0.00002
 0.00002
 0.00002
 0.00002
 0.00002
 0.00002
 0.00002
 0.00002
 0.00002
 0.00002
 0.00002
 0.00002
 0.00002
 0.00002
 0.00002
 0.00002
 0.00002
 0.00002
 0.00002
 0.00002
 0.00002
 0.00002
 0.00002
 0.00001
 0.00001
 0.00001
 0.00001
 0.00001
 0.00001
 0.00001
 0.00001
 0.00001
 0.00001
 0.00001
 0.00001
 0.00001
 0.00001
 0.00001
 0.00001
 0.00001
 0.00001
 0.00001
 0.00001
 0.00001
 0.00001
 0.00001
 0.00001
 0.00001
 0.00001
 0.00001
 0.00001
 0.00001
 0.00001
 0.00001
 0.00001
 0.00001
 0.00001
 0.00001
 0.00001
 0.00001
 0.00001
 0.00001
 0.00001
 0.00001
 0.00001
 0.00001
 0.00001
 0.00001
 0.00001
 0.00001
 0.00001
 0.00001
 0.00001
 0.00001
 0.00001
 0.00001
 0.00001
 0.00001
 0.00001
 0.00001
 0.00001
 0.00001
 0.00001
 0.00001
 0.00001
 0.00001
 0.00001
 0.00001
 0.00001
 0.00001
 0.00001
 0.00001
 0.00001
 0.00001
 0.00001
 0.00001
 0.00001
 0.00001
 0.00001
 0.00001
 0.00001
 0.00001
 0.00001
 0.00001
 0.00001
 0.00001
 0.00001
 0.00001
 0.00001
 0.00001
 0.00001
 0.00001
 0.00001
 0.00001
 0.00001
 0.00000
 0.00000
 0.00000
 0.00000
 0.00000
 0.00000
 0.00000
 0.00000
 0.00000
 0.00000
 0.00000
 0.00000
 0.00000
 0.00000
 0.00000
 0.00000
 0.00000
 0.00000
 0.00000
 0.00000
 0.00000
 0.00000
 0.00000
 0.00000
 0.00000
 0.00000
 0.00000
 0.00000
 0.00000
 0.00000
 0.00000
 0.00000
 0.00000
 0.00000
 0.00000
 0.00000
 0.00000
 0.00000
 0.00000
 0.00000
 0.00000
 0.00000
 0.00000
 0.00000
 0.00000
 0.00000
 0.00000
 0.00000
 0.00000
 0.00000
 0.00000
 0.00000
 0.00000
 0.00000
 0.00000
 0.00000
 0.00000
 0.00000
 0.00000
 0.00000
 0.00000
 0.00000
 0.00000
 0.00001
 0.00001
 0.00001
 0.00001
 0.00001
 0.00001
 0.00001
 0.00001
 0.00001
 0.00001
 0.00001
 0.00001
 0.00001
 0.00001
 0.00001
 0.00001
 0.00001
 0.00001
 0.00001
 0.00001
 0.00001
 0.00001
 0.00001
 0.00001
 0.00001
 0.00001
 0.00001
 0.00001
