0.0000010
0.0000331
0.0000976
0.0001726
0.0002413
0.0002962
0.0003360
0.0003625
0.0003781
0.0003854
0.0003863
0.0003826
0.0003756
0.0003663
0.0003554
0.0003435
0.0003310
0.0003184
0.0003057
0.0002933
0.0002811
0.0002694
0.0002581
0.0002473
0.0002370
0.0002272
0.0002179
0.0002091
0.0002008
0.0001929
0.0001855
0.0001785
0.0001719
0.0001657
0.0001599
0.0001543
0.0001491
0.0001442
0.0001395
0.0001351
0.0001310
0.0001270
0.0001233
0.0001198
0.0001165
0.0001134
0.0001104
0.0001076
0.0001049
0.0001023
0.0000999
0.0000976
0.0000955
0.0000934
0.0000914
0.0000896
0.0000878
0.0000861
0.0000845
0.0000829
0.0000815
0.0000801
0.0000788
0.0000775
0.0000763
0.0000751
0.0000741
0.0000730
0.0000720
0.0000711
0.0000702
0.0000693
0.0000685
0.0000677
0.0000669
0.0000662
0.0000656
0.0000649
0.0000643
0.0000637
0.0000632
0.0000626
0.0000621
0.0000616
0.0000612
0.0000608
0.0000604
0.0000600
0.0000596
0.0000593
0.0000590
0.0000587
0.0000584
0.0000581
0.0000579
0.0000577
0.0000574
0.0000573
0.0000571
0.0000569
0.0000568
0.0000567
0.0000565
0.0000564
0.0000564
0.0000563
0.0000562
0.0000562
0.0000562
0.0000562
0.0000562
0.0000562
0.0000562
0.0000563
0.0000563
0.0000564
0.0000565
0.0000565
0.0000567
0.0000568
0.0000569
0.0000570
0.0000572
0.0000574
0.0000576
0.0000578
0.0000580
0.0000582
0.0000584
0.0000587
0.0000589
0.0000592
0.0000595
0.0000598
0.0000601
0.0000604
0.0000608
0.0000612
0.0000615
0.0000619
0.0000623
0.0000627
0.0000632
0.0000636
0.0000641
0.0000646
0.0000651
0.0000656
0.0000661
0.0000667
0.0000673
0.0000679
0.0000685
0.0000691
0.0000698
0.0000704
0.0000711
0.0000719
0.0000726
0.0000734
0.0000741
0.0000750
0.0000758
0.0000767
0.0000776
0.0000785
0.0000794
0.0000804
0.0000814
0.0000825
0.0000835
0.0000847
0.0000858
0.0000870
0.0000882
0.0000895
0.0000908
0.0000921
0.0000935
0.0000949
0.0000964
0.0000979
0.0000995
0.0001011
0.0001028
0.0001045
0.0001063
0.0001082
0.0001101
0.0001121
0.0001141
0.0001163
0.0001185
0.0001207
0.0001231
0.0001256
0.0001281
0.0001307
0.0001334
0.0001363
0.0001392
0.0001422
0.0001454
0.0001487
0.0001521
0.0001556
0.0001593
0.0001631
0.0001671
0.0001712
0.0001755
0.0001800
0.0001847
0.0001895
0.0001946
0.0001999
0.0002054
0.0002111
0.0002170
0.0002233
0.0002298
0.0002365
0.0002436
0.0002510
0.0002587
0.0002667
0.0002751
0.0002838
0.0002929
0.0003024
0.0003123
0.0003227
0.0003335
0.0003447
0.0003564
0.0003685
0.0003811
0.0003942
0.0004078
0.0004218
0.0004363
0.0004512
0.0004666
0.0004823
0.0004984
0.0005148
0.0005315
0.0005483
0.0005652
0.0005821
0.0005988
0.0006153
0.0006313
0.0006468
0.0006616
0.0006755
0.0006883
0.0006998
0.0007099
0.0007184
0.0007252
0.0007301
0.0007331
0.0007340
0.0007329
0.0007297
0.0007244
0.0007172
0.0007081
0.0006973
0.0006848
0.0006710
0.0006559
0.0006398
0.0006228
0.0006051
0.0005869
0.0005683
0.0005496
0.0005308
0.0005121
0.0004936
0.0004753
0.0004574
0.0004399
0.0004229
0.0004064
0.0003904
0.0003749
0.0003600
0.0003457
0.0003319
0.0003187
0.0003061
0.0002940
0.0002824
0.0002713
0.0002608
0.0002507
0.0002410
0.0002318
0.0002230
0.0002147
0.0002067
0.0001991
0.0001918
0.0001848
0.0001782
0.0001719
0.0001659
0.0001601
0.0001546
0.0001493
0.0001443
0.0001395
0.0001349
0.0001305
0.0001263
0.0001222
0.0001184
0.0001147
0.0001112
0.0001078
0.0001045
0.0001014
0.0000984
0.0000955
0.0000927
0.0000901
0.0000875
0.0000851
0.0000827
0.0000804
0.0000782
0.0000761
0.0000741
0.0000722
0.0000703
0.0000685
0.0000667
0.0000650
0.0000634
0.0000618
0.0000603
0.0000588
0.0000574
0.0000561
0.0000547
0.0000535
0.0000522
0.0000510
0.0000499
0.0000487
0.0000476
0.0000466
0.0000456
0.0000446
0.0000436
0.0000427
0.0000418
0.0000409
0.0000401
0.0000392
0.0000384
0.0000376
0.0000369
0.0000362
0.0000354
0.0000348
0.0000341
0.0000334
0.0000328
0.0000322
0.0000316
0.0000310
0.0000304
0.0000298
0.0000293
0.0000288
0.0000283
0.0000278
0.0000273
0.0000268
0.0000263
0.0000259
0.0000254
0.0000250
0.0000246
0.0000242
0.0000238
0.0000234
0.0000230
0.0000226
0.0000223
0.0000219
0.0000216
0.0000212
0.0000209
0.0000206
0.0000202
0.0000199
0.0000196
0.0000193
0.0000190
0.0000188
0.0000185
0.0000182
0.0000179
0.0000177
0.0000174
0.0000172
0.0000169
0.0000167
0.0000165
0.0000162
0.0000160
0.0000158
0.0000156
0.0000154
0.0000152
0.0000150
0.0000148
0.0000146
0.0000144
0.0000142
0.0000140
0.0000138
0.0000136
0.0000135
0.0000133
0.0000131
0.0000130
0.0000128
0.0000126
0.0000125
0.0000123
0.0000122
0.0000120
0.0000119
0.0000118
0.0000116
0.0000115
0.0000114
0.0000112
0.0000111
0.0000110
0.0000108
0.0000107
0.0000106
0.0000105
0.0000104
0.0000102
0.0000101
0.0000100
0.0000099
0.0000098
0.0000097
0.0000096
0.0000095
0.0000094
0.0000093
0.0000092
0.0000091
0.0000090
0.0000089
0.0000088
0.0000087
0.0000087
0.0000086
0.0000085
0.0000084
0.0000083
0.0000082
0.0000081
0.0000081
0.0000080
0.0000079
0.0000078
0.0000078
0.0000077
0.0000076
0.0000076
0.0000075
0.0000074
0.0000073
0.0000073
0.0000072
0.0000071
0.0000071
0.0000070
0.0000070
0.0000069
0.0000068
0.0000068
0.0000067
0.0000067
0.0000066
0.0000065
0.0000065
0.0000064
0.0000064
0.0000063
0.0000063
0.0000062
0.0000062
0.0000061
0.0000061
0.0000060
0.0000060
0.0000059
0.0000059
0.0000058
0.0000058
0.0000057
0.0000057
0.0000056
0.0000056
0.0000056
0.0000055
0.0000055
0.0000054
0.0000054
0.0000054
0.0000053
0.0000053
0.0000052
0.0000052
0.0000052
0.0000051
0.0000051
0.0000050
0.0000050
0.0000050
0.0000049
0.0000049
0.0000049
0.0000048
0.0000048
0.0000048
0.0000047
0.0000047
0.0000047
0.0000046
0.0000046
0.0000046
0.0000046
0.0000045
0.0000045
0.0000045
0.0000044
0.0000044
0.0000044
0.0000043
0.0000043
0.0000043
0.0000043
0.0000042
0.0000042
0.0000042
0.0000042
0.0000041
0.0000041
0.0000041
0.0000041
0.0000040
0.0000040
0.0000040
0.0000040
0.0000039
0.0000039
0.0000039
0.0000039
0.0000038
0.0000038
0.0000038
0.0000038
0.0000038
0.0000037
0.0000037
0.0000037
0.0000037
0.0000037
0.0000036
0.0000036
0.0000036
0.0000036
0.0000036
0.0000035
0.0000035
0.0000035
0.0000035
0.0000035
0.0000035
0.0000034
0.0000034
0.0000034
0.0000034
0.0000034
0.0000033
0.0000033
