0.0000021
0.0000722
0.0002119
0.0003714
0.0005131
0.0006211
0.0006935
0.0007354
0.0007534
0.0007538
0.0007417
0.0007213
0.0006954
0.0006665
0.0006359
0.0006049
0.0005743
0.0005446
0.0005160
0.0004888
0.0004631
0.0004389
0.0004163
0.0003951
0.0003753
0.0003568
0.0003396
0.0003236
0.0003087
0.0002948
0.0002818
0.0002697
0.0002584
0.0002479
0.0002380
0.0002288
0.0002202
0.0002122
0.0002046
0.0001975
0.0001909
0.0001846
0.0001787
0.0001732
0.0001680
0.0001631
0.0001584
0.0001540
0.0001499
0.0001460
0.0001423
0.0001388
0.0001355
0.0001324
0.0001294
0.0001266
0.0001239
0.0001213
0.0001189
0.0001166
0.0001144
0.0001124
0.0001104
0.0001085
0.0001067
0.0001050
0.0001034
0.0001018
0.0001004
0.0000989
0.0000976
0.0000963
0.0000951
0.0000940
0.0000928
0.0000918
0.0000908
0.0000898
0.0000889
0.0000881
0.0000872
0.0000865
0.0000857
0.0000850
0.0000843
0.0000837
0.0000831
0.0000825
0.0000820
0.0000815
0.0000810
0.0000805
0.0000801
0.0000797
0.0000793
0.0000790
0.0000786
0.0000783
0.0000781
0.0000778
0.0000776
0.0000774
0.0000772
0.0000770
0.0000768
0.0000767
0.0000766
0.0000765
0.0000764
0.0000763
0.0000763
0.0000763
0.0000763
0.0000763
0.0000763
0.0000764
0.0000764
0.0000765
0.0000766
0.0000767
0.0000768
0.0000770
0.0000771
0.0000773
0.0000775
0.0000777
0.0000779
0.0000781
0.0000784
0.0000787
0.0000790
0.0000793
0.0000796
0.0000799
0.0000803
0.0000806
0.0000810
0.0000814
0.0000818
0.0000822
0.0000827
0.0000832
0.0000836
0.0000841
0.0000847
0.0000852
0.0000857
0.0000863
0.0000869
0.0000875
0.0000881
0.0000888
0.0000895
0.0000901
0.0000908
0.0000916
0.0000923
0.0000931
0.0000939
0.0000947
0.0000955
0.0000964
0.0000972
0.0000981
0.0000991
0.0001000
0.0001010
0.0001020
0.0001030
0.0001040
0.0001051
0.0001062
0.0001073
0.0001085
0.0001096
0.0001109
0.0001121
0.0001133
0.0001146
0.0001160
0.0001173
0.0001187
0.0001201
0.0001215
0.0001230
0.0001245
0.0001261
0.0001276
0.0001292
0.0001309
0.0001325
0.0001342
0.0001360
0.0001378
0.0001396
0.0001414
0.0001433
0.0001452
0.0001471
0.0001491
0.0001511
0.0001531
0.0001552
0.0001573
0.0001594
0.0001615
0.0001637
0.0001659
0.0001682
0.0001704
0.0001727
0.0001750
0.0001773
0.0001796
0.0001820
0.0001843
0.0001867
0.0001890
0.0001914
0.0001937
0.0001961
0.0001984
0.0002007
0.0002030
0.0002053
0.0002075
0.0002097
0.0002119
0.0002140
0.0002161
0.0002181
0.0002200
0.0002218
0.0002236
0.0002253
0.0002269
0.0002284
0.0002298
0.0002311
0.0002322
0.0002333
0.0002342
0.0002350
0.0002356
0.0002361
0.0002364
0.0002366
0.0002367
0.0002366
0.0002363
0.0002359
0.0002353
0.0002346
0.0002337
0.0002327
0.0002315
0.0002302
0.0002287
0.0002271
0.0002253
0.0002234
0.0002214
0.0002193
0.0002170
0.0002147
0.0002122
0.0002097
0.0002071
0.0002044
0.0002016
0.0001988
0.0001959
0.0001929
0.0001900
0.0001870
0.0001839
0.0001809
0.0001778
0.0001747
0.0001716
0.0001685
0.0001654
0.0001624
0.0001593
0.0001563
0.0001532
0.0001502
0.0001473
0.0001444
0.0001415
0.0001386
0.0001358
0.0001330
0.0001303
0.0001276
0.0001249
0.0001223
0.0001198
0.0001173
0.0001148
0.0001124
0.0001100
0.0001077
0.0001054
0.0001032
0.0001010
0.0000989
0.0000968
0.0000948
0.0000928
0.0000908
0.0000889
0.0000871
0.0000852
0.0000835
0.0000817
0.0000800
0.0000784
0.0000768
0.0000752
0.0000737
0.0000722
0.0000707
0.0000693
0.0000679
0.0000665
0.0000652
0.0000639
0.0000627
0.0000614
0.0000602
0.0000591
0.0000579
0.0000568
0.0000557
0.0000546
0.0000536
0.0000526
0.0000516
0.0000506
0.0000497
0.0000488
0.0000479
0.0000470
0.0000462
0.0000453
0.0000445
0.0000437
0.0000429
0.0000422
0.0000414
0.0000407
0.0000400
0.0000393
0.0000386
0.0000380
0.0000373
0.0000367
0.0000361
0.0000355
0.0000349
0.0000343
0.0000337
0.0000332
0.0000327
0.0000321
0.0000316
0.0000311
0.0000306
0.0000301
0.0000297
0.0000292
0.0000287
0.0000283
0.0000279
0.0000274
0.0000270
0.0000266
0.0000262
0.0000258
0.0000254
0.0000251
0.0000247
0.0000243
0.0000240
0.0000236
0.0000233
0.0000230
0.0000227
0.0000223
0.0000220
0.0000217
0.0000214
0.0000211
0.0000208
0.0000205
0.0000203
0.0000200
0.0000197
0.0000195
0.0000192
0.0000190
0.0000187
0.0000185
0.0000182
0.0000180
0.0000178
0.0000175
0.0000173
0.0000171
0.0000169
0.0000167
0.0000165
0.0000163
0.0000161
0.0000159
0.0000157
0.0000155
0.0000153
0.0000151
0.0000149
0.0000148
0.0000146
0.0000144
0.0000143
0.0000141
0.0000139
0.0000138
0.0000136
0.0000135
0.0000133
0.0000132
0.0000130
0.0000129
0.0000127
0.0000126
0.0000125
0.0000123
0.0000122
0.0000121
0.0000119
0.0000118
0.0000117
0.0000116
0.0000114
0.0000113
0.0000112
0.0000111
0.0000110
0.0000109
0.0000108
0.0000106
0.0000105
0.0000104
0.0000103
0.0000102
0.0000101
0.0000100
0.0000099
0.0000098
0.0000097
0.0000096
0.0000096
0.0000095
0.0000094
0.0000093
0.0000092
0.0000091
0.0000090
0.0000089
0.0000089
0.0000088
0.0000087
0.0000086
0.0000085
0.0000085
0.0000084
0.0000083
0.0000083
0.0000082
0.0000081
0.0000080
0.0000080
0.0000079
0.0000078
0.0000078
0.0000077
0.0000076
0.0000076
0.0000075
0.0000074
0.0000074
0.0000073
0.0000073
0.0000072
0.0000071
0.0000071
0.0000070
0.0000070
0.0000069
0.0000069
0.0000068
0.0000068
0.0000067
0.0000067
0.0000066
0.0000066
0.0000065
0.0000065
0.0000064
0.0000064
0.0000063
0.0000063
0.0000062
0.0000062
0.0000061
0.0000061
0.0000060
0.0000060
0.0000060
0.0000059
0.0000059
0.0000058
0.0000058
0.0000057
0.0000057
0.0000057
0.0000056
0.0000056
0.0000055
0.0000055
0.0000055
0.0000054
0.0000054
0.0000054
0.0000053
0.0000053
0.0000053
0.0000052
0.0000052
0.0000052
0.0000051
0.0000051
0.0000051
0.0000050
0.0000050
0.0000050
0.0000049
0.0000049
0.0000049
0.0000048
0.0000048
0.0000048
0.0000047
0.0000047
0.0000047
0.0000047
0.0000046
0.0000046
0.0000046
0.0000046
0.0000045
0.0000045
0.0000045
0.0000044
0.0000044
0.0000044
0.0000044
0.0000043
0.0000043
0.0000043
0.0000043
0.0000043
0.0000042
0.0000042
0.0000042
0.0000042
0.0000041
0.0000041
0.0000041
0.0000041
0.0000040
0.0000040
0.0000040
0.0000040
0.0000040
0.0000039
0.0000039
0.0000039
0.0000039
0.0000039
0.0000038
0.0000038
0.0000038
0.0000038
0.0000038
0.0000037
0.0000037
0.0000037
0.0000037
