1  83  74  90  1873  64  1992  74  1988  80  1964 
2  84  74  89  1953  63  1977  76  1925  79  1964 
3  84  75  91  1873  66  1992  76  1897  80  1994 
4  84  75  90  1956  66  1925  74  1989  80  1984 
5  84  75  91  1873  64  1992  72  1889  80  1991 
6  84  75  90  1946  67  1992  75  1911  81  1984 
7  84  75  89  1956  66  1954  76  1903  80  1991 
8  84  75  91  1873  65  1988  74  1898  80  1991 
9  84  75  92  1873  64  1992  76  1928  80  1978 
10  85  75  90  1873  66  1960  75  1891  80  1995 
11  85  76  90  1873  64  1944  77  1891  80  1995 
12  85  76  90  1926  68  1944  77  1900  80  1996 
13  85  76  90  1995  66  1888  76  1900  81  1995 
14  85  76  90  1878  65  1917  74  1900  81  1995 
15  85  76  90  1991  68  1932  76  1917  81  1994  
16  85  76  90  1991  66  1951  76  1977  82  1994 
17  85  76  92  1878  66  1951  78  1880  81  1989 
18  85  76  92  1881  67  1951  77  1904  81  1995 
19  85  77  92  1881  68  1917  77  1904  82  1995 
20  86  77  91  1886  68  1911  76  1875  81  1995 
21  86  77  91  1935  68  1901  74  1875  80  1885 
22  86  77  92  1935  68  1940  76  1921  82  1985 
23  86  77  92  1873  69  1940  77  1892  80  1995 
24  86  77  92  1873  68  1900  78  1883  82  1985 
25  86  77  91  1989  70  1913  78  1982  82  1995 
26  86  77  91  1989  68  1992  81  1879  81  1995 
27  86  77  90  1989  70  1894  79  1880  81  1995 
28  86  77  92  1953  68  1916  77  1901  81  1924 
29  86  77  91  1952  68  1926  78  1918  81  1995 
30  86  78  92  1949  67  1932  76  1960  82  1915 
31  87  78  93  1881  70  1934  79  1960  82  1985  
